0.998247,0.001753
0.000057,0.999943
0.999994,0.000006
0.890377,0.109623
0.389426,0.073082,0.537492
0.999968,0.000002,0.000030
0.500000,0.500000
0.500000,0.500000
0.999994,0.000006
0.890377,0.109623
0.389426,0.073082,0.537492
0.999968,0.000002,0.000030
0.500000,0.500000
0.500000,0.500000
0.002974,0.997026
0.109623,0.890377
0.073082,0.170676,0.756241
0.000703,0.001697,0.997600
0.000003,0.999997
0.061560,0.938440
0.999994,0.000006
0.890377,0.109623
0.389426,0.073082,0.537492
0.999968,0.000002,0.000030
0.500000,0.500000
0.500000,0.500000
0.999994,0.000006
0.890377,0.109623
0.389426,0.073082,0.537492
0.999968,0.000002,0.000030
0.500000,0.500000
0.500000,0.500000
0.000008,0.993776,0.006216
0.753323,0.246677
0.000363,0.999637
0.556573,0.442882,0.000545
0.411059,0.379974,0.208966
0.007239,0.992761
0.000002,0.999998
0.770293,0.229707
0.000387,0.999613
0.373125,0.456137,0.170738
0.571487,0.335713,0.092800
0.007774,0.992226
0.000002,0.999998
0.037162,0.962838
0.000004,0.999996
0.000003,0.250001,0.749997
0.032035,0.258009,0.709957
0.001855,0.998145
0.000002,0.999998
0.753323,0.246677
0.000363,0.999637
0.556573,0.442882,0.000545
0.411059,0.379974,0.208966
0.007239,0.992761
0.000002,0.999998
0.770293,0.229707
0.000387,0.999613
0.373125,0.456137,0.170738
0.571487,0.335713,0.092800
0.007774,0.992226
0.000002,0.999998
0.000004,0.999964,0.000032
0.000021,0.999979
0.000006,0.999994
0.000004,0.200002,0.799994
0.032798,0.213119,0.754083
0.000001,0.999999
0.000003,0.999997
0.000021,0.999979
0.000006,0.999994
0.000004,0.000015,0.999980
0.032798,0.213119,0.754083
0.000001,0.999999
0.000003,0.999997
0.999998,0.000002
0.999994,0.000006
0.999939,0.000019,0.000042
0.999986,0.000001,0.000013
0.500000,0.500000
0.500000,0.500000
0.000021,0.999979
0.000006,0.999994
0.000004,0.200002,0.799994
0.032798,0.213119,0.754083
0.000001,0.999999
0.000003,0.999997
0.000021,0.999979
0.000006,0.999994
0.000004,0.000015,0.999980
0.032798,0.213119,0.754083
0.000001,0.999999
0.000003,0.999997
0.003571,0.996429
0.132044,0.867956
0.500000,0.500000
0.000448,0.285778,0.713774
0.004524,0.004524,0.990952
0.001032,0.998968
0.000671,0.999329
0.226034,0.773966
0.500000,0.500000
0.000448,0.285778,0.713774
0.002643,0.002643,0.994714
0.001158,0.998842
0.000671,0.999329
0.967488,0.032512
0.000671,0.999329
0.009099,0.003462,0.987439
0.826468,0.172915,0.000617
0.972439,0.027561
0.999664,0.000336
0.132044,0.867956
0.500000,0.500000
0.000448,0.285778,0.713774
0.004524,0.004524,0.990952
0.001032,0.998968
0.000671,0.999329
0.226034,0.773966
0.500000,0.500000
0.000448,0.285778,0.713774
0.002643,0.002643,0.994714
0.001158,0.998842
0.000671,0.999329
0.000006,0.999994
0.148006,0.851994
0.999997,0.000003
0.745837,0.254156,0.000007
0.461800,0.285357,0.252843
0.037965,0.962035
0.500000,0.500000
0.064692,0.935308
0.999997,0.000003
0.780603,0.219393,0.000004
0.333333,0.333333,0.333333
0.123660,0.876340
0.500000,0.500000
0.458343,0.541657
0.000031,0.999969
0.000002,0.000002,0.999996
0.047048,0.333333,0.619619
0.059717,0.940283
0.000002,0.999998
0.148006,0.851994
0.999997,0.000003
0.745837,0.254156,0.000007
0.461800,0.285357,0.252843
0.037965,0.962035
0.500000,0.500000
0.064692,0.935308
0.999997,0.000003
0.780603,0.219393,0.000004
0.333333,0.333333,0.333333
0.123660,0.876340
0.500000,0.500000
0.999987,0.000013
0.999394,0.000606
0.747767,0.252233
0.971215,0.028785
0.999992,0.000004,0.000004
0.998772,0.000017,0.001211
0.999988,0.000012
0.999891,0.000109
0.999704,0.000296
0.999917,0.000083
0.999971,0.000016,0.000013
0.999913,0.000035,0.000053
0.029949,0.970051
0.037555,0.962445
0.747767,0.252233
0.971215,0.028785
0.999992,0.000004,0.000004
0.998772,0.000017,0.001211
0.999988,0.000012
0.999891,0.000109
0.458010,0.541990
0.000006,0.999994
0.000004,0.000008,0.999988
0.000005,0.000011,0.999985
0.000006,0.999994
0.000003,0.999997
0.999704,0.000296
0.999917,0.000083
0.999971,0.000016,0.000013
0.999913,0.000035,0.000053
0.029949,0.970051
0.037555,0.962445
0.999662,0.000087,0.000251
0.500000,0.500000
0.952254,0.047746
0.796939,0.112445,0.090616
0.333333,0.333333,0.333333
0.500000,0.500000
0.500000,0.500000
0.500000,0.500000
0.048333,0.951667
0.031830,0.056277,0.911893
0.333333,0.333333,0.333333
0.500000,0.500000
0.025085,0.974915
0.500000,0.500000
0.952254,0.047746
0.796939,0.112445,0.090616
0.333333,0.333333,0.333333
0.500000,0.500000
0.500000,0.500000
0.500000,0.500000
0.047746,0.952254
0.031830,0.257958,0.710212
0.333333,0.333333,0.333333
0.500000,0.500000
0.025070,0.974930
0.500000,0.500000
0.048333,0.951667
0.031830,0.056277,0.911893
0.333333,0.333333,0.333333
0.500000,0.500000
0.025085,0.974915
0.999684,0.000155,0.000160
0.061796,0.938204
0.010333,0.989667
0.006889,0.202755,0.790356
0.072564,0.076150,0.851286
0.007169,0.992831
0.005220,0.994780
0.386073,0.613927
0.989667,0.010333
0.491531,0.044941,0.463528
0.851450,0.093889,0.054661
0.010956,0.989044
0.500000,0.500000
0.061796,0.938204
0.010333,0.989667
0.006889,0.202755,0.790356
0.072564,0.076150,0.851286
0.007169,0.992831
0.005220,0.994780
0.986548,0.013452
0.989667,0.010333
0.672434,0.017584,0.309982
0.787981,0.089473,0.122546
0.500000,0.500000
0.500000,0.500000
0.386073,0.613927
0.989667,0.010333
0.491531,0.044941,0.463528
0.851450,0.093889,0.054661
0.010956,0.989044
0.500000,0.500000
0.500000,0.500000
0.500000,0.500000
0.220684,0.779316
0.011092,0.126162,0.862746
0.333333,0.333333,0.333333
0.500000,0.500000
0.010675,0.989325
0.500000,0.500000
0.385243,0.614757
0.573096,0.013395,0.413509
0.333333,0.333333,0.333333
0.500000,0.500000
0.013532,0.986468
0.500000,0.500000
0.220684,0.779316
0.011092,0.126162,0.862746
0.333333,0.333333,0.333333
0.500000,0.500000
0.010675,0.989325
0.500000,0.500000
0.016638,0.983362
0.573375,0.013205,0.413421
0.333333,0.333333,0.333333
0.500000,0.500000
0.991540,0.008460
0.500000,0.500000
0.385243,0.614757
0.573096,0.013395,0.413509
0.333333,0.333333,0.333333
0.500000,0.500000
0.013532,0.986468
0.625794,0.374206
0.709477,0.290523
0.445202,0.554798
0.199177,0.493097,0.307726
0.626462,0.064596,0.308941
0.022388,0.977612
0.366377,0.633623
0.013009,0.986991
0.789831,0.210169
0.009204,0.035386,0.955409
0.333333,0.333333,0.333333
0.006590,0.993410
0.032847,0.967153
0.709477,0.290523
0.445202,0.554798
0.199177,0.493097,0.307726
0.626462,0.064596,0.308941
0.022388,0.977612
0.366377,0.633623
0.242952,0.757048
0.118600,0.881400
0.009204,0.074658,0.916137
0.017848,0.333333,0.648819
0.008592,0.991408
0.007832,0.992168
0.013009,0.986991
0.789831,0.210169
0.009204,0.035386,0.955409
0.333333,0.333333,0.333333
0.006590,0.993410
0.032847,0.967153
0.999793,0.000207
0.999846,0.000154
0.091215,0.908785
0.935208,0.064792
0.574670,0.425103,0.000226
0.001148,0.010553,0.988299
0.000014,0.999986
0.000048,0.999952
0.999411,0.000589
0.999839,0.000161
0.999674,0.000322,0.000004
0.999909,0.000040,0.000051
0.061412,0.938588
0.019416,0.980584
0.091215,0.908785
0.935208,0.064792
0.574670,0.425103,0.000226
0.001148,0.010553,0.988299
0.000014,0.999986
0.000048,0.999952
0.999411,0.000589
0.999839,0.000161
0.999674,0.000322,0.000004
0.999909,0.000040,0.000051
0.061412,0.938588
0.019416,0.980584
0.823742,0.176258
0.000006,0.999994
0.000004,0.000004,0.999992
0.000003,0.000006,0.999992
0.000018,0.999982
0.000003,0.999997
0.999959,0.000008,0.000033
0.969766,0.030234
0.500000,0.500000
0.333333,0.333333,0.333333
0.979215,0.010392,0.010392
0.500000,0.500000
0.500000,0.500000
0.030234,0.969766
0.500000,0.500000
0.333333,0.333333,0.333333
0.333333,0.333333,0.333333
0.015588,0.984412
0.500000,0.500000
0.969766,0.030234
0.500000,0.500000
0.333333,0.333333,0.333333
0.979215,0.010392,0.010392
0.500000,0.500000
0.500000,0.500000
0.030234,0.969766
0.500000,0.500000
0.333333,0.333333,0.333333
0.333333,0.333333,0.333333
0.015588,0.984412
0.500000,0.500000
0.030234,0.969766
0.500000,0.500000
0.333333,0.333333,0.333333
0.333333,0.333333,0.333333
0.015588,0.984412
0.500000,0.500000
0.999981,0.000004,0.000015
0.500000,0.500000
0.356170,0.643830
0.242709,0.074822,0.682469
0.333333,0.333333,0.333333
0.500000,0.500000
0.031529,0.968471
0.500000,0.500000
0.959401,0.040599
0.027066,0.027066,0.945869
0.333333,0.333333,0.333333
0.500000,0.500000
0.500000,0.500000
0.500000,0.500000
0.356170,0.643830
0.242709,0.074822,0.682469
0.333333,0.333333,0.333333
0.500000,0.500000
0.031529,0.968471
0.500000,0.500000
0.959401,0.040599
0.027066,0.027066,0.945869
0.333333,0.333333,0.333333
0.500000,0.500000
0.500000,0.500000
0.500000,0.500000
0.959401,0.040599
0.503363,0.033512,0.463125
0.333333,0.333333,0.333333
0.500000,0.500000
0.500000,0.500000
0.030234,0.969766
0.015588,0.984412
0.128053,0.871947
0.085368,0.085368,0.829263
0.333333,0.333333,0.333333
0.007918,0.992082
0.073429,0.926571
0.984412,0.015588
0.128053,0.871947
0.085368,0.085368,0.829263
0.989443,0.005278,0.005278
0.500000,0.500000
0.073429,0.926571
0.015588,0.984412
0.128053,0.871947
0.085368,0.085368,0.829263
0.333333,0.333333,0.333333
0.007918,0.992082
0.073429,0.926571
0.984412,0.015588
0.128053,0.871947
0.085368,0.085368,0.829263
0.989443,0.005278,0.005278
0.500000,0.500000
0.073429,0.926571
0.984412,0.015588
0.128053,0.871947
0.085368,0.085368,0.829263
0.989443,0.005278,0.005278
0.500000,0.500000
0.926571,0.073429
0.959401,0.040599
0.140288,0.859712
0.500000,0.500000
0.333333,0.333333,0.333333
0.333333,0.333333,0.333333
0.081590,0.918410
0.500000,0.500000
0.140288,0.859712
0.500000,0.500000
0.333333,0.333333,0.333333
0.333333,0.333333,0.333333
0.081590,0.918410
0.500000,0.500000
0.140288,0.859712
0.500000,0.500000
0.333333,0.333333,0.333333
0.333333,0.333333,0.333333
0.081590,0.918410
0.500000,0.500000
0.140288,0.859712
0.500000,0.500000
0.333333,0.333333,0.333333
0.333333,0.333333,0.333333
0.081590,0.918410
0.500000,0.500000
0.500000,0.500000
0.500000,0.500000
0.333333,0.333333,0.333333
0.093525,0.333333,0.573141
0.140288,0.859712
0.500000,0.500000
0.998247,0.001753
0.000057,0.999943
0.002974,0.997026
0.109623,0.890377
0.073082,0.170676,0.756241
0.000703,0.001697,0.997600
0.000003,0.999997
0.061560,0.938440
0.999994,0.000006
0.890377,0.109623
0.389426,0.073082,0.537492
0.999968,0.000002,0.000030
0.500000,0.500000
0.500000,0.500000
0.999994,0.000006
0.890377,0.109623
0.389426,0.073082,0.537492
0.999968,0.000002,0.000030
0.500000,0.500000
0.500000,0.500000
0.999994,0.000006
0.890377,0.109623
0.389426,0.073082,0.537492
0.999968,0.000002,0.000030
0.500000,0.500000
0.500000,0.500000
0.999994,0.000006
0.890377,0.109623
0.389426,0.073082,0.537492
0.999968,0.000002,0.000030
0.500000,0.500000
0.500000,0.500000
0.000008,0.993776,0.006216
0.037162,0.962838
0.000004,0.999996
0.000003,0.250001,0.749997
0.032035,0.258009,0.709957
0.001855,0.998145
0.000002,0.999998
0.753323,0.246677
0.000363,0.999637
0.556573,0.442882,0.000545
0.411059,0.379974,0.208966
0.007239,0.992761
0.000002,0.999998
0.770293,0.229707
0.000387,0.999613
0.373125,0.456137,0.170738
0.571487,0.335713,0.092800
0.007774,0.992226
0.000002,0.999998
0.753323,0.246677
0.000363,0.999637
0.556573,0.442882,0.000545
0.411059,0.379974,0.208966
0.007239,0.992761
0.000002,0.999998
0.770293,0.229707
0.000387,0.999613
0.373125,0.456137,0.170738
0.571487,0.335713,0.092800
0.007774,0.992226
0.000002,0.999998
0.000004,0.999964,0.000032
0.999998,0.000002
0.999994,0.000006
0.999939,0.000019,0.000042
0.999986,0.000001,0.000013
0.500000,0.500000
0.500000,0.500000
0.000021,0.999979
0.000006,0.999994
0.000004,0.200002,0.799994
0.032798,0.213119,0.754083
0.000001,0.999999
0.000003,0.999997
0.000021,0.999979
0.000006,0.999994
0.000004,0.000015,0.999980
0.032798,0.213119,0.754083
0.000001,0.999999
0.000003,0.999997
0.000021,0.999979
0.000006,0.999994
0.000004,0.200002,0.799994
0.032798,0.213119,0.754083
0.000001,0.999999
0.000003,0.999997
0.000021,0.999979
0.000006,0.999994
0.000004,0.000015,0.999980
0.032798,0.213119,0.754083
0.000001,0.999999
0.000003,0.999997
0.003571,0.996429
0.967488,0.032512
0.000671,0.999329
0.009099,0.003462,0.987439
0.826468,0.172915,0.000617
0.972439,0.027561
0.999664,0.000336
0.132044,0.867956
0.500000,0.500000
0.000448,0.285778,0.713774
0.004524,0.004524,0.990952
0.001032,0.998968
0.000671,0.999329
0.226034,0.773966
0.500000,0.500000
0.000448,0.285778,0.713774
0.002643,0.002643,0.994714
0.001158,0.998842
0.000671,0.999329
0.132044,0.867956
0.500000,0.500000
0.000448,0.285778,0.713774
0.004524,0.004524,0.990952
0.001032,0.998968
0.000671,0.999329
0.226034,0.773966
0.500000,0.500000
0.000448,0.285778,0.713774
0.002643,0.002643,0.994714
0.001158,0.998842
0.000671,0.999329
0.000006,0.999994
0.458343,0.541657
0.000031,0.999969
0.000002,0.000002,0.999996
0.047048,0.333333,0.619619
0.059717,0.940283
0.000002,0.999998
0.148006,0.851994
0.999997,0.000003
0.745837,0.254156,0.000007
0.461800,0.285357,0.252843
0.037965,0.962035
0.500000,0.500000
0.064692,0.935308
0.999997,0.000003
0.780603,0.219393,0.000004
0.333333,0.333333,0.333333
0.123660,0.876340
0.500000,0.500000
0.148006,0.851994
0.999997,0.000003
0.745837,0.254156,0.000007
0.461800,0.285357,0.252843
0.037965,0.962035
0.500000,0.500000
0.064692,0.935308
0.999997,0.000003
0.780603,0.219393,0.000004
0.333333,0.333333,0.333333
0.123660,0.876340
0.500000,0.500000
0.999987,0.000013
0.999394,0.000606
0.747767,0.252233
0.971215,0.028785
0.999992,0.000004,0.000004
0.998772,0.000017,0.001211
0.999988,0.000012
0.999891,0.000109
0.458010,0.541990
0.000006,0.999994
0.000004,0.000008,0.999988
0.000005,0.000011,0.999985
0.000006,0.999994
0.000003,0.999997
0.999704,0.000296
0.999917,0.000083
0.999971,0.000016,0.000013
0.999913,0.000035,0.000053
0.029949,0.970051
0.037555,0.962445
0.747767,0.252233
0.971215,0.028785
0.999992,0.000004,0.000004
0.998772,0.000017,0.001211
0.999988,0.000012
0.999891,0.000109
0.999704,0.000296
0.999917,0.000083
0.999971,0.000016,0.000013
0.999913,0.000035,0.000053
0.029949,0.970051
0.037555,0.962445
0.999662,0.000087,0.000251
0.500000,0.500000
0.952254,0.047746
0.796939,0.112445,0.090616
0.333333,0.333333,0.333333
0.500000,0.500000
0.500000,0.500000
0.500000,0.500000
0.047746,0.952254
0.031830,0.257958,0.710212
0.333333,0.333333,0.333333
0.500000,0.500000
0.025070,0.974930
0.500000,0.500000
0.048333,0.951667
0.031830,0.056277,0.911893
0.333333,0.333333,0.333333
0.500000,0.500000
0.025085,0.974915
0.500000,0.500000
0.952254,0.047746
0.796939,0.112445,0.090616
0.333333,0.333333,0.333333
0.500000,0.500000
0.500000,0.500000
0.500000,0.500000
0.048333,0.951667
0.031830,0.056277,0.911893
0.333333,0.333333,0.333333
0.500000,0.500000
0.025085,0.974915
0.999684,0.000155,0.000160
0.061796,0.938204
0.010333,0.989667
0.006889,0.202755,0.790356
0.072564,0.076150,0.851286
0.007169,0.992831
0.005220,0.994780
0.986548,0.013452
0.989667,0.010333
0.672434,0.017584,0.309982
0.787981,0.089473,0.122546
0.500000,0.500000
0.500000,0.500000
0.386073,0.613927
0.989667,0.010333
0.491531,0.044941,0.463528
0.851450,0.093889,0.054661
0.010956,0.989044
0.500000,0.500000
0.061796,0.938204
0.010333,0.989667
0.006889,0.202755,0.790356
0.072564,0.076150,0.851286
0.007169,0.992831
0.005220,0.994780
0.386073,0.613927
0.989667,0.010333
0.491531,0.044941,0.463528
0.851450,0.093889,0.054661
0.010956,0.989044
0.500000,0.500000
0.500000,0.500000
0.500000,0.500000
0.220684,0.779316
0.011092,0.126162,0.862746
0.333333,0.333333,0.333333
0.500000,0.500000
0.010675,0.989325
0.500000,0.500000
0.016638,0.983362
0.573375,0.013205,0.413421
0.333333,0.333333,0.333333
0.500000,0.500000
0.991540,0.008460
0.500000,0.500000
0.385243,0.614757
0.573096,0.013395,0.413509
0.333333,0.333333,0.333333
0.500000,0.500000
0.013532,0.986468
0.500000,0.500000
0.220684,0.779316
0.011092,0.126162,0.862746
0.333333,0.333333,0.333333
0.500000,0.500000
0.010675,0.989325
0.500000,0.500000
0.385243,0.614757
0.573096,0.013395,0.413509
0.333333,0.333333,0.333333
0.500000,0.500000
0.013532,0.986468
0.625794,0.374206
0.709477,0.290523
0.445202,0.554798
0.199177,0.493097,0.307726
0.626462,0.064596,0.308941
0.022388,0.977612
0.366377,0.633623
0.242952,0.757048
0.118600,0.881400
0.009204,0.074658,0.916137
0.017848,0.333333,0.648819
0.008592,0.991408
0.007832,0.992168
0.013009,0.986991
0.789831,0.210169
0.009204,0.035386,0.955409
0.333333,0.333333,0.333333
0.006590,0.993410
0.032847,0.967153
0.709477,0.290523
0.445202,0.554798
0.199177,0.493097,0.307726
0.626462,0.064596,0.308941
0.022388,0.977612
0.366377,0.633623
0.013009,0.986991
0.789831,0.210169
0.009204,0.035386,0.955409
0.333333,0.333333,0.333333
0.006590,0.993410
0.032847,0.967153
0.999793,0.000207
0.999846,0.000154
0.091215,0.908785
0.935208,0.064792
0.574670,0.425103,0.000226
0.001148,0.010553,0.988299
0.000014,0.999986
0.000048,0.999952
0.999411,0.000589
0.999839,0.000161
0.999674,0.000322,0.000004
0.999909,0.000040,0.000051
0.061412,0.938588
0.019416,0.980584
0.823742,0.176258
0.000006,0.999994
0.000004,0.000004,0.999992
0.000003,0.000006,0.999992
0.000018,0.999982
0.000003,0.999997
0.091215,0.908785
0.935208,0.064792
0.574670,0.425103,0.000226
0.001148,0.010553,0.988299
0.000014,0.999986
0.000048,0.999952
0.999411,0.000589
0.999839,0.000161
0.999674,0.000322,0.000004
0.999909,0.000040,0.000051
0.061412,0.938588
0.019416,0.980584
0.999959,0.000008,0.000033
0.969766,0.030234
0.500000,0.500000
0.333333,0.333333,0.333333
0.979215,0.010392,0.010392
0.500000,0.500000
0.500000,0.500000
0.030234,0.969766
0.500000,0.500000
0.333333,0.333333,0.333333
0.333333,0.333333,0.333333
0.015588,0.984412
0.500000,0.500000
0.030234,0.969766
0.500000,0.500000
0.333333,0.333333,0.333333
0.333333,0.333333,0.333333
0.015588,0.984412
0.500000,0.500000
0.969766,0.030234
0.500000,0.500000
0.333333,0.333333,0.333333
0.979215,0.010392,0.010392
0.500000,0.500000
0.500000,0.500000
0.030234,0.969766
0.500000,0.500000
0.333333,0.333333,0.333333
0.333333,0.333333,0.333333
0.015588,0.984412
0.500000,0.500000
0.999981,0.000004,0.000015
0.500000,0.500000
0.356170,0.643830
0.242709,0.074822,0.682469
0.333333,0.333333,0.333333
0.500000,0.500000
0.031529,0.968471
0.500000,0.500000
0.959401,0.040599
0.027066,0.027066,0.945869
0.333333,0.333333,0.333333
0.500000,0.500000
0.500000,0.500000
0.500000,0.500000
0.959401,0.040599
0.503363,0.033512,0.463125
0.333333,0.333333,0.333333
0.500000,0.500000
0.500000,0.500000
0.500000,0.500000
0.356170,0.643830
0.242709,0.074822,0.682469
0.333333,0.333333,0.333333
0.500000,0.500000
0.031529,0.968471
0.500000,0.500000
0.959401,0.040599
0.027066,0.027066,0.945869
0.333333,0.333333,0.333333
0.500000,0.500000
0.500000,0.500000
0.030234,0.969766
0.015588,0.984412
0.128053,0.871947
0.085368,0.085368,0.829263
0.333333,0.333333,0.333333
0.007918,0.992082
0.073429,0.926571
0.984412,0.015588
0.128053,0.871947
0.085368,0.085368,0.829263
0.989443,0.005278,0.005278
0.500000,0.500000
0.073429,0.926571
0.984412,0.015588
0.128053,0.871947
0.085368,0.085368,0.829263
0.989443,0.005278,0.005278
0.500000,0.500000
0.926571,0.073429
0.015588,0.984412
0.128053,0.871947
0.085368,0.085368,0.829263
0.333333,0.333333,0.333333
0.007918,0.992082
0.073429,0.926571
0.984412,0.015588
0.128053,0.871947
0.085368,0.085368,0.829263
0.989443,0.005278,0.005278
0.500000,0.500000
0.073429,0.926571
0.959401,0.040599
0.140288,0.859712
0.500000,0.500000
0.333333,0.333333,0.333333
0.333333,0.333333,0.333333
0.081590,0.918410
0.500000,0.500000
0.140288,0.859712
0.500000,0.500000
0.333333,0.333333,0.333333
0.333333,0.333333,0.333333
0.081590,0.918410
0.500000,0.500000
0.500000,0.500000
0.500000,0.500000
0.333333,0.333333,0.333333
0.093525,0.333333,0.573141
0.140288,0.859712
0.500000,0.500000
0.140288,0.859712
0.500000,0.500000
0.333333,0.333333,0.333333
0.333333,0.333333,0.333333
0.081590,0.918410
0.500000,0.500000
0.140288,0.859712
0.500000,0.500000
0.333333,0.333333,0.333333
0.333333,0.333333,0.333333
0.081590,0.918410
0.500000,0.500000
